referrer,views_total,views_unique
Google,157,67
github.com,46,21
tsfresh.readthedocs.io,25,12
time-series-features.gitbook.io,19,5
Bing,16,6
benfulcher.github.io,6,4
link.zhihu.com,5,1
sktime.net,2,2
search.brave.com,2,1
benfulcher.com,1,1
