# Created by Octave 3.0.3, Sun Dec 27 21:06:19 2009 AUSEDT <liz001@LAURA-EP>
# name: x2
# type: matrix
# rows: 140
# columns: 10
 0.6815876987416766 -0.2659760818220802 0.5137222982243952 -0.005368274306971395 -0.06095715409946642 -0.6470082769554909 0.7961628329806479 -0.2978308414286945 0.4088586996993654 -1.109830227830433
 1.502794591022279 0.7693940421648935 -0.2071206382542964 -0.1420094071921073 -0.8207049150839602 -0.3211120020158791 -0.3533527298526203 -0.3595636130012721 0.1187477676394799 -0.6516208567146921
 0.7646649210041572 0.3912762361985246 -0.03228068174376102 -1.414575618766258 -0.0957547631334198 0.8741035813161615 0.461649627742608 0.09867622697268799 1.598015260839982 -0.7267095825175953
 -0.05464750008325976 0.8787642018231384 -1.427332212851672 0.08958922031497181 0.3602192891674597 0.5595620877250137 -0.3532642917901025 0.2941832984395154 0.6763903790631908 -1.321208771330779
 -0.3739184493014415 0.9737922603791206 0.4179863444714214 -0.1228034673618254 1.44433482579662 0.04791597616218966 -0.08023421528662102 0.6570030836510931 0.2747869984759575 0.6787736765149538
 0.6600237808209815 0.1307378031476621 -0.8352169014850367 -0.1762388999743556 -0.2587575249554191 -0.6248596687682717 -1.075332701885659 0.8942314931260591 -1.626869288525888 -0.7256829769750961
 -0.01578322725788541 1.074724131329095 0.2664181167172658 1.166861022804564 -1.428049139651111 1.23491296137231 -0.4060007525255566 1.087354358591903 0.4828252892411769 0.7248046364162357
 -0.7447616179267509 -1.188215018899625 1.196786525523829 0.1352022215385928 0.4645083919393853 0.4053777181351231 -0.8524848123929761 -2.134584967430532 0.6164899353895293 0.6333275958663487
 -0.5343427617066485 -0.6796991675295698 -0.6111745048254723 -0.6022043943586524 1.144687397543843 -0.5871390024042894 0.7127576293992033 1.123181984459213 0.2496053845869144 -1.229718737801439
 2.249605945719285 -0.1602537813068809 0.3897567164841698 0.5278125093710216 0.5295146985460739 0.4999406352722419 1.232111252246661 0.4575408150717384 -1.418027937441024 0.8066162559110336
 -0.5114285556102972 -1.779826200671594 -0.04224780077334273 0.4281831470819288 -1.44893436448768 -0.577323861337689 0.1584405499273724 -2.03290096838207 -0.4977313969099564 -0.6637856168099227
 -0.586890346131571 -1.000742741919084 0.04404171663852609 -1.965015429015689 2.000000207903703 -0.3887463991963732 0.4341564219664558 0.3842712990172905 -0.8891803327327508 0.8284061034734552
 -1.191161209800231 -0.2176272830595536 -0.3620019774354709 0.804320225522811 -0.06335228935774498 0.1675256498868808 -0.871403555432261 1.142112333839429 -0.4581147582819333 -2.21819814437595
 -1.495312353988018 -0.2286857102143521 1.159363469705685 -0.2021997120303922 1.308001589390438 0.03506602760560159 -0.3835721935211325 1.463099222737911 1.77223935282207 -1.889504265998267
 -0.4490347142035782 0.5741638705521246 0.2208972271821001 0.6482611246091212 -0.4987302083512782 -0.3482887792391232 -0.3438018523839659 -1.394241226947976 -1.196589359165459 1.866268108547782
 1.278060787820174 1.551214974703447 -1.13068418119964 0.5527008318108451 -1.682255491527546 0.2659634361329557 0.8354598478450727 -0.260990582937721 -0.1413938625123811 -0.4156877919126251
 1.253660604640826 -1.837119854701044 0.6871611083859481 -0.143859131823752 0.4893378433588618 -1.091030751327781 0.04323718540439846 -1.154957169696025 -0.6101142870732651 -0.9581157537202236
 0.6921663251931808 -0.03849725238624196 -0.7201452552893105 0.873060467120591 0.03057436222760791 -1.936868107324857 0.5392265157241295 0.02583363648383271 0.6809612488874826 0.3408050884222951
 -0.07641646327591367 0.6054482526113802 -0.7739477629170436 -1.42876046798373 1.114239353228521 1.868684818429319 0.3500600311648797 1.559046402160729 -1.676047868698129 2.362612235600844
 -0.6306715524576492 0.2511709572409047 -2.005551048285544 0.6922874875209503 -0.4225870570400512 -0.5597678939023754 -0.4072608507954513 -1.784116680547303 -0.3421629679207547 1.648372706928735
 0.5242580071425342 1.432257222184499 -1.29780683792786 0.032572333210638 0.6702524741497785 -0.6257831298415347 1.308308981050037 0.4261181120135894 -0.1805010261482382 1.634070042652668
 -1.452871991735937 -0.5011049649582607 0.2618886828525088 -0.6431859215481249 1.093284644112365 0.801139833672451 -0.2645224748067914 -2.450829747812645 -0.8730165861642586 0.3749452020006477
 0.9622528156334096 -0.2012140332086911 0.7331755059101096 0.05697742305205516 -0.1604425809603817 0.08096551970745555 0.4262426827125216 0.2395719120113688 -1.197188238507457 -1.365973917476367
 1.491263641200216 -0.1529598006423998 1.949821371579747 -0.1257580385113932 1.291702927778844 -0.1877314531717344 1.51507911941217 1.267917343120962 0.2899573471731022 0.1076889285589962
 0.3724772869534192 1.236770076965657 -1.270494765696889 0.4881675992703564 -0.764155637351864 0.4862576138824948 0.9605099837868674 -0.8763838444946432 -1.068192674985351 -1.053855723133237
 -2.213943503995819 0.142655912169668 0.1343776179672478 -2.162861918890787 -1.089322666934398 -0.7123591643236724 -0.3057505004502725 -1.599656115544403 0.02899853551683084 0.09425436277490291
 -1.364199188747054 1.250864176599165 -1.447367157905661 -1.155266719141288 -0.3977510603320276 1.746784845222895 1.006841693480325 -0.334819174769827 0.746660304655331 -0.6592866515467187
 -1.223481811741513 -0.9683851725354921 -0.05125205386845044 -0.2528778145768327 -0.446168391887808 0.1705282235669365 -0.3524641693304796 0.5980357671312441 1.500975338587292 1.673839520433111
 -0.1660161601678897 -1.797882821325347 1.271164957121431 1.112619571917102 -0.1554164295341649 -1.170077312303688 -0.2328314338260696 0.8564463203590549 -0.9581158584289029 -1.648327110486961
 -1.116992887689477 0.5509576686381354 -0.02133802954084421 0.4617790451662564 -0.1749771422893231 0.6904250320515973 0.1159614706271058 -1.185107515978963 -1.050953036647595 0.6046244251845463
 -0.6431879526403327 1.856352102406971 0.8480366555189985 0.3716236597273185 -1.444826439105422 0.367575693821249 -2.955310606188462 0.7537752737549324 -0.1452400199962052 -0.5757729506226602
 -0.2297895123888864 -1.807583046230645 -0.2477994974768823 -0.6365579439385479 0.9771994574719733 -0.4015066994260824 0.58092034218511 -0.9125388209144193 -1.042801180881164 -1.381484623895789
 -0.8752082808185501 1.385430147645396 -1.271866702680989 0.3584473875124956 0.7343902239682224 1.413184819247841 1.988678678898808 -1.61595670939534 0.1009385257469101 -0.9762450644426364
 2.943534386245238 2.154069407726767 2.316047299894905 -0.2492466831926828 0.06931427884750198 1.300634506299983 -0.4328022319159375 -0.4714525272718081 1.172257901438436 0.6103171700566464
 0.6521220292589327 -0.8716686873527557 0.6077435627935573 -2.449622340105047 1.129241315244018 -0.1482468319102522 -0.1430699930592955 -2.58430597469635 1.691634495405314 -1.589218416218906
 0.3812203067596873 0.1652638857380531 1.968710538864706 -0.8167307006500915 -0.3015869480963286 0.3152065152928207 0.6680430530389018 -1.080259197146892 -0.4268624073185587 -0.5841811966110017
 0.4233927955594203 -1.651573439678921 1.456413990160664 -1.260167880447353 1.241225399621189 0.9640309059347936 -2.27028874698932 -0.3536001422034374 -0.09232235146710541 1.184828600100271
 0.03242364834940428 0.6441648533242272 -0.228962267363785 0.2837598873271879 1.174987310754362 0.1860045405082831 -0.359338914115505 0.5532007174871048 -1.146843581444217 1.433268378765957
 -1.963587956999888 0.5200408148711514 -0.06058931967029403 1.405179309192645 0.08102152322316597 -1.105413981885015 0.2948540593784553 0.3721264902906081 -0.2741364236216086 -1.47568098444941
 -1.247270995978255 -0.3483485024399887 1.154561224151095 0.3514233940464451 0.4821352721372678 -0.5000706273992533 0.4040278812721081 -0.9644086834739478 -0.857936167612925 0.4394814400989527
