# Created by Octave 3.0.3, Sun Dec 27 21:06:19 2009 AUSEDT <liz001@LAURA-EP>
# name: x1
# type: matrix
# rows: 140
# columns: 10
 -0.6529198266704322 -1.366055084022273 0.5686285477442189 -0.6099380292674933 -1.13776013257371 -0.5611720846659222 -0.09275569296663635 -1.198907868361423 -0.2373078166043222 0.9284094788707339
 -0.4054172607459795 -1.027375112753855 0.4816419014925346 -0.3042546403913462 -0.7909856166526342 -0.3941026654102822 -0.1258283364237498 -0.8343715643510756 -0.4311971451181361 0.6374223412941646
 -0.3579105808877832 -0.6810467436647971 0.3906853819161484 -0.1910222553931505 -0.4651612443141966 -0.2608180422783725 -0.2501849113206467 -0.773493736658066 -0.2327623990179834 0.07619036674184293
 -0.1479326188179366 -0.463066567530662 0.6400636312993967 -0.1381862881882908 -0.3284474866421384 -0.3784841219400244 -0.1524931631335351 -0.5526855846557239 -0.2635792417864585 0.03136716420313358
 0.04396410624449255 -0.3553239336453769 0.4369556289207261 0.05453724926487018 -0.1981220910548506 -0.2744334870979959 -0.1115681287412647 -0.2919155644210444 -0.04448470497720916 0.01605148985176235
 0.04477293639172 -0.2645409916090545 0.27504456173701 0.02811503258065279 0.1459942665735177 -0.1891475290171214 -0.1517973623864098 0.2176037273323011 -0.04747755547176402 -0.1507829886039483
 0.006833221363102104 -0.4736576044106857 -0.1296005323984122 0.2891213370067987 0.03277924823191604 -0.07554863456595094 0.07080606163618899 0.1421737920244314 0.2008709020726827 -0.1567839280038504
 0.4029404828575404 -0.4640003294425569 -0.09300653505867283 0.1699351491426636 -0.4428931631225745 -0.1950079802015837 0.04441565485987983 -0.3609060069149383 0.0523282631051766 -0.1029869823707329
 0.1375555700956546 0.2211101490392754 -0.2028459870559502 -0.1871180966058223 -0.6074850033895447 -0.1710829382801408 0.5080180445856212 -0.4182149591526442 -0.125340862850002 -0.175875294115912
 0.2160122664144595 0.3949440629156052 -0.1820046401002717 -0.2616684549866662 -0.03953182354505774 -0.2485257897571554 0.1755633821674079 -0.5261633927644929 -0.3506860277099417 -0.3066093334694503
 0.1271733733207194 0.445583200024523 -1.084404471849205 -0.03910082768500914 0.04501009954803052 0.02112906673176587 0.4316803289155746 -0.3937713947450194 0.05267207014895792 0.1427332908298856
 0.3972822017290175 0.2152800558036632 -0.682716915473377 -0.02937870881583154 0.9151690914903403 0.03514281870022425 0.6140813120284272 0.4980154271690716 0.005319281655897269 0.3222212263421373
 0.394808082443197 0.2007461947362889 -0.3213464348560909 -0.01482879793716918 0.8711811674210402 -0.2313372472409425 0.3621993837132932 -0.251834908550537 0.1116208461048907 -0.1265793858444494
 0.2654282121019376 -0.1580498882078126 -0.06123594548852923 0.0842547845072151 0.5881201878789946 -0.3722023243366564 -0.1545924041918766 -0.1721482800028173 0.6580183171721576 -0.06596673320061883
 0.1833940186431413 -0.2789961752068622 -0.8378805813915416 -0.07443152759393357 0.9858049641484264 -0.2372741709138078 -0.764551785795393 -0.2102401777313482 0.678041210813458 -0.6329379939358782
 0.06838336298285611 -0.05149450769636119 -0.4253233587005077 -0.07488553208325982 0.8986685401862103 -0.2329539322804041 -0.3473674367947458 -0.2330739844484149 0.2821409177402663 -0.3758724427836026
 0.1716382935439067 -0.1014603012004964 -0.3519393364850087 -0.3358122426540464 0.7607838305455342 -0.02453994674172277 -0.3432257547692311 -0.9460137620342817 0.09331150460347358 -0.9081181435934749
 0.721453082086834 -0.08600334002443336 -0.4758204093491888 -0.2261552961840399 0.3629994062046016 -0.01904398190563975 -0.6746353194470744 -0.9319013137313434 0.05289018467768862 -0.4516436275417599
 0.5273863875707482 -0.05602328348020509 -0.1916727529720098 -0.2748051323763035 0.254336538431075 0.1279024187766273 -0.4668803716435347 -0.6526840282937078 0.09215447138568444 -0.3098017760947693
 0.7085880586993574 0.1245116512022199 -0.09574763195829364 -0.2736420460654312 0.6991808333407994 -0.06051388704122068 -0.3625573037913225 -0.2544945389846827 0.3126249638174663 -0.242405112451308
 0.4538324097662947 0.3051384190129692 -0.002285607319175792 0.05348529562574209 0.7156099685731245 -0.1269421982777027 0.08376737835198078 -0.2099886559795878 0.01744217335668713 -0.08972948812232813
 0.04879796466537889 0.3808451391897179 -0.0299886576001204 -0.4719399955807313 0.5866089936583293 -0.07607513597242227 0.1256559145098616 0.1410001248507034 0.6535700750898717 0.04260492622840505
 -0.08627796921796488 0.4610814624992541 0.359522343587608 -0.3511406296601229 -0.3932100630243729 -0.002211455662056556 1.156181709289975 -0.065655021587707 0.4277446227378671 -0.4466973431678702
 -0.06528199808392789 0.353391756092966 -0.09393368549277509 -0.1520452324006154 -0.2867783048836763 0.00573784393328669 0.8784858205668684 -0.03627352546735979 0.1247503197863692 -0.3590040378004947
 -0.03708278896331257 0.8236727567760143 0.06396727495649206 0.7798084313187913 0.2905869498687026 -0.05314352272075235 1.182179784549849 -0.08466505452382868 0.1362723979659397 0.326578056968191
 0.1544587076896582 0.3240383000632232 -0.07458616038707325 0.1797690298829083 0.4043189614844961 0.1034664899536065 0.7295959261667424 -0.3427909860931017 -0.2082810044859631 0.1432154542944387
 0.07763442146905594 0.3735555074070683 -0.07147064807081517 0.1135125137351954 0.8057857728279718 0.270815377199233 1.573181628007735 -0.2865731858747578 -0.1544421987165886 0.8237604706705502
 0.7098412711630302 0.1603558837044665 -0.3556074682136998 -0.3577221204914253 0.6040024455148382 -0.1593804459370387 1.238255153584801 -0.3498609958844304 -0.3072487257212933 0.7394158316178548
 0.4473477888538095 0.04901326462557755 -0.7998500357398232 -0.2449861305660304 0.3427543149066851 -0.084827201498848 0.6472728423525727 -0.1152838405716539 -0.3920646448535008 0.6813547558671063
 0.944242022021667 -0.02551300219137375 -0.5121762102741778 -0.2602804392750324 0.1999962716753162 -0.1370948841189156 0.4104358107980223 0.003127470243201175 -0.1593105420327321 0.484688820764454
 0.7750879052237343 -0.05908714465520867 -0.006351227022617756 -0.182938624278275 0.2022074081082005 -0.07990184572856297 0.6844320675073692 -0.02673227034396581 -0.09048343816647191 0.3979166415687388
 0.7472665072622471 -0.709653019621815 0.02357913041500763 -0.8799205537423589 -0.1851771477237757 -0.385410294940809 0.333656694731956 -0.8233445685947347 0.4471379656029417 0.5573301368847688
 0.7408135659327559 -0.6557908229661109 0.08839282375247659 -0.6591299182799218 -0.3971437356225485 -0.3807240440425957 0.2964672415205253 -1.106251949649951 0.07223681979095639 0.3227660397675874
 1.10593015198716 -1.423139172275674 0.03537230655053995 -1.220191201002849 -0.6340234578565224 -0.05265582771389338 0.6318166771164966 -0.4691424578284767 -0.5318655496575095 0.03311290622655783
 1.614648206587392 -0.9349837087792774 1.059935047314893 -1.154850972887213 -0.4536199380811689 -0.004496723164694051 0.02595065632951127 -0.2836073902047197 -0.4515498747733973 0.08438772333221436
 1.169020381023798 -0.5435676047866234 1.072900169092863 -0.8344806412142606 -1.193025480014542 0.1019925291437315 -0.4874193975028324 -0.4938224616322795 -0.247874072007935 0.2799923477385365
 0.8339419427748316 -0.5969952189912452 0.7022115330063559 -0.1895814291700706 -0.7373802136840231 -0.0922886108312545 -0.4647386010068762 -0.3606281524216796 -0.2905893074391342 0.1615033227565755
 0.1061090081609282 -0.1770643261603854 0.479821487560366 -1.12465108826492 -0.6478353929225874 0.7936814599072245 -0.3702305465201299 -0.8674321774959389 -1.01038342658302 0.270710093489095
 0.1102215819788972 -0.1835809918451901 0.3247195853933005 -0.7625732460270662 -0.2584836280415442 0.5249872310005501 -0.2537803469049589 -0.3801368656401838 -0.861777129466669 0.20092627805604
